   8.667285076191e-02  -1.051673570317e-01   1.164725365846e-01
   1.675529045069e-01  -1.939077240839e-01   2.044036909507e-01
   2.374890131843e-01  -2.526544631202e-01   2.425565241154e-01
   2.925143351570e-01  -2.729601684357e-01   2.222536813346e-01
   3.302107035818e-01  -2.527026634361e-01   1.491757190206e-01
   3.498494513871e-01  -1.960436862902e-01   4.135499911657e-02
   3.523048583405e-01  -1.122366013676e-01  -7.586693064620e-02
   3.397749255709e-01  -1.362566856209e-02  -1.763413725440e-01
   3.153727851071e-01   8.667901231394e-02  -2.392278666478e-01
   2.826652549280e-01   1.769550437093e-01  -2.531807348094e-01
   2.452325787921e-01   2.484597050468e-01  -2.177812179850e-01
   2.063076311424e-01   2.962492305694e-01  -1.422450186063e-01
   1.685294603364e-01   3.192116190568e-01  -4.214958578827e-02
   1.338210309984e-01   3.194625406409e-01   6.468970429787e-02
   1.033792993733e-01   3.013507987216e-01   1.620629856961e-01
   7.775141198263e-02   2.703416501080e-01   2.381009692718e-01
   5.696421601665e-02   2.320049219516e-01   2.865300928122e-01
   4.067520153346e-02   1.912556628166e-01   3.065216218937e-01
   2.831880621258e-02   1.519064189973e-01   3.015226134173e-01
   1.923082293834e-02   1.165145424453e-01   2.775885327676e-01
   1.274205079738e-02   8.645846235323e-02   2.417030376495e-01
   8.239950283390e-03   6.215631400924e-02   2.004279913093e-01
   5.201954690033e-03   4.334382040480e-02   1.590468345889e-01
   3.206773507018e-03   2.934687854542e-02   1.212047546063e-01
   1.930739045207e-03   1.930869581922e-02   8.894362257986e-02
   1.135588283225e-03   1.235413450734e-02   6.298430703729e-02
   6.525901294886e-04   7.691508488096e-03   4.311373279556e-02
   3.664913283724e-04   4.662189839408e-03   2.856777040724e-02
   2.011650620561e-04   2.752704406903e-03   1.834541739843e-02
   1.079398362784e-04   1.583841325611e-03   1.142893683855e-02
   5.663135352412e-05   8.884215562908e-04   6.913335835022e-03
   2.904968038748e-05   4.860024798881e-04   4.063518265052e-03
   1.457287634610e-05   2.593661139252e-04   2.322408164769e-03
   7.153590732179e-06   1.350733605020e-04   1.291395665928e-03
   3.433428431027e-06   6.866911155507e-05   6.990209770705e-04
   1.611661612918e-06   3.408617247523e-05   3.685085004352e-04
   7.400709861212e-07   1.652373446795e-05   1.892878961687e-04
   3.326327738450e-07   7.823903044707e-06   9.477196120843e-05
   1.460518907172e-07   3.621787476911e-06   4.627157775119e-05
   6.234809262506e-08   1.634917972709e-06   2.203566265575e-05
   2.589024354787e-08   7.231415006417e-07   1.024389229819e-05
   1.103721170053e-08   3.083648680791e-07   4.651107241302e-06
   2.923924813048e-09   1.339715175515e-07   2.057212587335e-06
   9.966010561923e-10   5.400802811676e-08   8.912668431550e-07
   3.886472813422e-11   2.251001322399e-08   3.791323849279e-07
  -8.237947554080e-11   1.031879071969e-08   1.539554630855e-07
  -1.308321734082e-09   3.798003281436e-09   6.299282517851e-08
  -1.914085304356e-09  -6.064433172378e-10   2.180801654285e-08
   1.035717730699e-10  -4.627130408432e-09   7.614792126082e-09
   6.430950924076e-10   3.725005761304e-09   1.839333541415e-09
   8.129867658852e-10   4.070496850768e-10  -8.897146665651e-10
  -1.790114261240e-09  -1.404323791736e-09  -3.645102119275e-09
  -4.665969500434e-10  -6.639720036747e-10   1.580536762912e-09
   5.006930640665e-10  -2.528283407303e-10   8.934547982932e-10
   4.259952951426e-10   3.743718552899e-09  -1.059236641370e-10
  -1.574086093836e-09   5.770310820939e-10   1.045010601966e-09
   1.560789243955e-09   1.054960797444e-09  -2.645976671105e-09
  -1.191661351089e-09  -5.206688183269e-11  -6.497676067746e-10
   2.169595712087e-09  -4.363806817883e-10  -8.071281443985e-10
  -3.129552270678e-09  -1.710224881831e-09  -5.890462189874e-10
  -2.469237005253e-10   1.445030345716e-10  -1.603589206345e-09
   1.249354441129e-09  -2.010027757915e-09  -8.912803184570e-10
   1.503550043858e-11   3.258698175718e-09  -2.748343913978e-09
   3.448468940004e-10  -2.583307167781e-09   1.176283343554e-09
   1.976568603258e-10   3.221651450237e-09  -2.688067886695e-10
   8.318454742040e-10  -1.176996522498e-09   1.907530227682e-09
  -3.128288241483e-10   4.166783892611e-11   6.739200784973e-10
   2.598923582638e-10   3.257209998807e-09  -1.219690517795e-09
   3.008423879541e-10   6.715321149088e-10  -1.443860440846e-09
  -1.141577580801e-09  -1.443345224278e-09  -6.592506064440e-10
   3.587757278853e-09   7.593110730763e-10  -1.682542327814e-09
  -1.152138286497e-09   1.251282198078e-09   1.540384621054e-09
  -3.264936674324e-11  -2.960273133550e-09   2.794992017236e-09
  -9.707975621397e-10   2.568853490215e-09   2.380399240324e-09
  -1.022484963527e-09   2.382191366430e-10  -1.211292073653e-10
  -4.362493148523e-09   1.697692565809e-09  -5.710000157296e-10
   1.235762746754e-09   6.412878296971e-10   2.633016374309e-09
   2.687930218121e-10  -2.765320876007e-09   3.397269821638e-09
  -1.482905588965e-09   3.463006102283e-09  -1.840673612407e-09
   2.403338148704e-09   4.150346373117e-09   8.160633977177e-10
  -1.710955668149e-09  -1.968011737872e-09  -9.218546864110e-10
  -6.541511166736e-10  -5.531941425186e-10  -2.862748381732e-10
  -1.638753484551e-09   5.260530295490e-09   2.379326124490e-09
  -2.533023204605e-09   3.083261607809e-09   8.188563040714e-10
   2.449181307932e-09  -3.709529700080e-09   4.935857968050e-10
   7.380056835793e-10  -1.453609713002e-09  -4.898004363801e-10
  -2.916596015161e-10   1.127788562935e-09  -3.108109323421e-09
   3.609957712409e-09  -5.942392810450e-10  -2.962382762918e-09
   2.101708606265e-09  -1.816944003045e-09  -7.592206306357e-10
   1.024904687502e-10  -3.932439426975e-10  -1.010957029986e-09
   7.487082180609e-10   9.629957291126e-10   3.702282007675e-09
   4.627316850944e-10   1.666347090585e-09   1.767458514603e-09
  -1.850834743015e-10  -1.571408031230e-10  -2.638586799480e-10
   2.697919074166e-09  -3.052506497405e-09   2.219277879804e-10
   1.885783454110e-09  -2.304670441906e-09   2.486817114410e-09
  -3.414400786215e-09   1.546799918275e-10  -4.193630040770e-10
  -4.378101217591e-09  -5.036956924923e-10  -1.562437213204e-09
   6.034931430996e-10  -2.495138124839e-09   2.410433511724e-09
   2.772970175629e-09  -2.598104251717e-09   4.679263889892e-09
   1.626947745525e-09  -1.723863613874e-09   6.130565452311e-11
  -4.846937889115e-10  -1.466357083540e-09  -3.727650704184e-09
  -1.106776685202e-09  -6.750304917520e-10  -4.124399546698e-11
  -1.761146474865e-10   1.121423671590e-09   3.813099148757e-09
  -5.487045572321e-10   2.325329606616e-09   1.230846743936e-09
  -1.814526485486e-09   3.936947651764e-09  -1.091105107608e-09
  -1.618162374654e-09   3.213087021650e-09   2.134675845552e-10
   7.749669340430e-10   2.508419988478e-09   1.276531462778e-09
   3.424058830441e-09   1.223616089510e-09   1.276325010805e-09
   3.981659954480e-09   3.849500344706e-10   1.279398155825e-09
   1.465129823629e-09   8.150783141565e-10   1.401201575758e-10
  -6.367565737166e-10   6.717611744312e-10  -2.250628921006e-09
  -1.940527377132e-09  -1.005805332506e-10  -2.438537438268e-09
  -2.181357690466e-09   2.964059271206e-10  -4.549209354985e-10
  -2.040095383080e-09  -9.849745099786e-10   2.229340435550e-09
  -1.807209117498e-09   2.324019043778e-10   3.115232936736e-09
  -8.399952460259e-10  -1.819315330992e-09   2.084900081320e-09
  -2.576996928706e-12   1.641884189265e-09   7.021977078597e-10
  -3.488484416485e-11  -2.795143784893e-09   2.329183226362e-10
   3.830150463492e-10   1.952332971634e-09   5.112889982712e-10
   3.307881628536e-10  -1.825292542053e-09   2.020177819636e-10
   7.337241651962e-10  -5.447646550236e-11   7.712064273185e-10
  -1.205524225205e-10   1.198336866639e-09   6.308302453966e-10
   3.957948218559e-10  -2.489449059524e-09   4.950952855892e-10
  -2.250573267162e-10   1.293199056464e-09   1.321064072199e-09
  -2.145369263651e-10   6.480595231168e-10   3.741858629343e-10
   7.733766678001e-11  -2.274844224138e-09   1.183503596410e-09
   3.686405917446e-11   1.603901221114e-09   6.078093898804e-10
   5.778040221886e-10   6.265548238435e-10   3.461259293677e-11
   9.750527233905e-11  -1.283030882145e-09   2.237542625380e-10
   4.549400453637e-11  -1.175616433253e-09   3.463766215279e-10
   3.370976305302e-10   3.668546730758e-09   1.552257663755e-10
  -3.728185745301e-10  -2.299874307905e-09   2.964968544868e-10
   4.079602455861e-10  -6.905779352815e-10  -1.413345241673e-09
   3.768311697510e-10   1.467370644034e-10   2.600699618622e-09
  -4.906173689354e-10   1.164193984076e-09  -1.990725968340e-09
   2.217455741517e-10  -6.039626126280e-10   8.919255018371e-10
  -8.447476475669e-11   2.632408736215e-09  -1.873596289328e-09
  -7.177719982759e-10  -6.815955196412e-09   2.339340519320e-09
   3.218390864920e-10   3.374712424839e-09   2.642355189586e-10
   6.071786733621e-10   2.568842196142e-09  -2.918258500851e-09
  -3.488861637739e-09  -2.285667143427e-09   2.191609570920e-09
   7.759741799161e-09   1.933203824273e-09   1.821185858270e-09
  -9.982860365136e-09   2.612956337953e-09  -7.312749470344e-09
   5.728984472382e-09  -4.750276666742e-09   6.643969392450e-09
   1.011344450007e-09  -1.721203178283e-09   5.088609123150e-10
  -6.894102428797e-09  -4.717923686744e-09  -4.172931423092e-09
   6.377025184565e-09   6.018404044245e-10   3.352321798331e-09
   3.132528468532e-09  -2.974363372757e-10   1.875581145983e-10
  -5.822648570996e-09  -2.115735793752e-09   4.202059496320e-09
  -1.393532287656e-09   1.186124187451e-09  -5.258110088412e-09
   1.395184863063e-09  -7.350596904827e-09  -1.816819834897e-09
   3.107674483292e-10  -1.834109427322e-09   8.217532982139e-10
  -1.096597863110e-09   5.841199551369e-09   9.149767386360e-10
   8.128741331707e-10   3.007064050473e-09  -8.157829786953e-10
  -3.323169634240e-09   4.811513142226e-09  -3.515036087297e-10
  -1.853754895425e-09   5.373913678753e-09   2.172674103674e-10
  -9.472880197635e-10  -1.514433169536e-09  -1.899132665759e-10
   1.818584721723e-09  -4.454587535578e-10   2.432641633526e-09
   2.952485240709e-09   5.136515847072e-09   4.301063282760e-09
  -2.600461579703e-10   4.267397959013e-09   2.087898709801e-09
  -4.161596399518e-10   2.748235577516e-11  -1.183102122944e-09
   3.177479843344e-10  -9.320640356673e-10  -2.716845116684e-09
   1.109509601020e-09   9.774829042530e-10  -3.349903303893e-09
   1.410450328228e-09   1.320705628087e-09  -2.387199624249e-09
  -2.521651943958e-10  -2.150043613141e-09  -1.343382049787e-09
  -1.251130622241e-09  -3.899265820354e-09   4.122521356638e-10
  -1.092874177402e-09  -2.612278506484e-09   1.452087788620e-09
  -5.235445736646e-10   2.981095267073e-10   1.669022561472e-09
   2.120964467201e-10   3.224915332276e-09   1.475756769753e-09
   5.482861802174e-10   4.586445097438e-09   8.928991216012e-10
   6.989090851280e-10   4.295775406333e-09  -4.011879990634e-11
   5.292768871502e-10   3.235736315399e-09  -5.271051931788e-10
   3.721256525573e-10   1.936108082579e-09  -6.187350759958e-10
   9.494230533977e-11   1.064646894412e-09  -1.837102593394e-10
  -1.932178761090e-10   5.502512952804e-10   2.441943072813e-10
  -3.476247474697e-10   2.463896950181e-10   3.706772456107e-10
  -2.367212962554e-10   1.156460419585e-10   1.859188268680e-10
  -1.264894526379e-10  -7.592326053053e-12  -1.212274352479e-10
  -4.852580953338e-11  -2.424170627507e-11  -2.399963075266e-10
  -1.407517682046e-10  -4.043761825548e-11  -1.605154919685e-10
  -1.730843429639e-10  -1.890035360822e-11  -3.499039798959e-11
  -1.206988793414e-10  -1.844457621657e-11   9.034034103419e-12
  -1.373344046332e-11  -3.380137544860e-12  -4.525591089360e-11
   3.682200485145e-11  -2.292394793288e-11  -9.921921304286e-11
   6.902793035130e-11  -2.098639704620e-11  -9.272388536100e-11
   3.141975597227e-11  -3.787165489323e-11  -8.084166564649e-11
   1.532390172450e-12  -4.447857966292e-11  -4.159020970313e-11
  -6.063891049891e-12  -3.096470429791e-11  -1.289995676238e-11
  -7.503469133049e-12  -1.707653442985e-11   4.893718620025e-12
  -3.659542856023e-12  -8.361918105449e-12   1.520280159151e-11
   1.185253095337e-12  -8.907812998326e-12   6.676468740988e-12
   5.127978288653e-12  -1.412485006875e-11   4.858480192450e-12
   6.046365303993e-14  -1.185631687093e-11   1.198153431400e-11
  -8.826320258352e-12  -6.141121125216e-12   5.800193805523e-12
  -1.190286524827e-11  -1.415223084380e-13  -1.923593243599e-12
  -9.251189221423e-12   3.413588790744e-12  -1.501896441606e-12
  -8.020143074033e-12   2.018618271048e-12  -1.014675002253e-13
  -6.642790317721e-12   1.138227862318e-12   5.642535930782e-13
  -3.982508162607e-12   4.510839262178e-13  -2.151918829186e-14
  -1.018510229289e-12  -5.956783251264e-14  -1.058591284070e-12
