   2.56489171998065e-03  -3.14107889229872e-03   3.51184893314329e-03
   5.12821067327832e-03  -6.27766645439115e-03   7.01581968769822e-03
   7.68838870720662e-03  -9.40529338725287e-03   1.05040382350769e-02
   1.02438636382651e-02  -1.25194861558263e-02   1.39686853675170e-02
   1.27930741124864e-02  -1.56157991920925e-02   1.74019800630855e-02
   1.53344612915081e-02  -1.86898269452444e-02   2.07962336871011e-02
   1.78664883493246e-02  -2.17371823018684e-02   2.41438344615449e-02
   2.03876128750407e-02  -2.47535288626799e-02   2.74372860602852e-02
   2.28963101763403e-02  -2.77345793375371e-02   3.06692170916013e-02
   2.53910684313931e-02  -3.06761064114328e-02   3.38324087561903e-02
   2.78703861292266e-02  -3.35739401117731e-02   3.69197995229241e-02
   3.03327764162287e-02  -3.64239834031836e-02   3.99244986016141e-02
   3.27767852577489e-02  -3.92222174201396e-02   4.28398122378738e-02
   3.52009544433948e-02  -4.19646905715588e-02   4.56592639232343e-02
   3.76038577131493e-02  -4.46475616520122e-02   4.83765933763830e-02
   3.99840923521237e-02  -4.72670742545488e-02   5.09857793033736e-02
   4.23402759677643e-02  -4.98195688914807e-02   5.34810535331010e-02
   4.46710427048497e-02  -5.23014906860312e-02   5.58569281621263e-02
   4.69750678376709e-02  -5.47094102097030e-02   5.81081647400439e-02
   4.92510360146950e-02  -5.70399973608461e-02   6.02298418037003e-02
   5.14976765903626e-02  -5.92900576886438e-02   6.22173102385276e-02
   5.37137279557666e-02  -6.14565070209213e-02   6.40662632824786e-02
   5.58979801714856e-02  -6.35364026136136e-02   6.57726868197954e-02
   5.80492426359953e-02  -6.55269365252929e-02   6.73329211044828e-02
   6.01663579284975e-02  -6.74254376385268e-02   6.87436211810715e-02
   6.22482012558325e-02  -6.92293776904952e-02   7.00018007424179e-02
   6.42936897116344e-02  -7.09363688507034e-02   7.11048086209157e-02
   6.63017675657209e-02  -7.25441819859816e-02   7.20503579342098e-02
   6.82714138530298e-02  -7.40507319479033e-02   7.28365326823972e-02
   7.02016570087704e-02  -7.54540964885866e-02   7.34617511362829e-02
   7.20915505396851e-02  -7.67525095126078e-02   7.39248194802905e-02
   7.39401916753369e-02  -7.79443448299578e-02   7.42248993655626e-02
   7.57467222272612e-02  -7.90281624906634e-02   7.43615270828465e-02
   7.75103083098545e-02  -8.00026665202510e-02   7.43346037703698e-02
   7.92301751384013e-02  -8.08667466745446e-02   7.41443962250928e-02
   8.09055793820554e-02  -8.16194308427318e-02   7.37915307270544e-02
   8.25358145019196e-02  -8.22599276794345e-02   7.32770009908464e-02
   8.41202234482974e-02  -8.27876013257584e-02   7.26021704446164e-02
   8.56581940004117e-02  -8.32019969200217e-02   7.17687186953565e-02
   8.71491481201011e-02  -8.35028078173524e-02   7.07787174774535e-02
   8.85925511920830e-02  -8.36898974607930e-02   6.96345430792464e-02
   8.99879170041845e-02  -8.37632914301973e-02   6.83389340329216e-02
   9.13348035714206e-02  -8.37231863199999e-02   6.68949369689203e-02
   9.26328057291835e-02  -8.35699298534543e-02   6.53059313825407e-02
   9.38815648451682e-02  -8.33040310499021e-02   6.35755959501129e-02
   9.50807610300740e-02  -8.29261577436686e-02   6.17079074088086e-02
   9.62301290068820e-02  -8.24371293316654e-02   5.97071330002620e-02
   9.73294333639257e-02  -8.18379297207849e-02   5.75778247611608e-02
   9.83784890572146e-02  -8.11296719070896e-02   5.53247953132779e-02
   9.93771562891034e-02  -8.03136362942330e-02   5.29531002904886e-02
   1.00325320280704e-01  -7.93912335310043e-02   5.04680603151859e-02
   1.01222937025935e-01  -7.83640207058371e-02   4.78751913120955e-02
   1.02069981534104e-01  -7.72336866882701e-02   4.51802469374958e-02
   1.02866476327662e-01  -7.60020646924473e-02   4.23891732433416e-02
   1.03612485414155e-01  -7.46711014421260e-02   3.95080832394830e-02
   1.04308114271177e-01  -7.32428783198135e-02   3.65432913306266e-02
   1.04953504334660e-01  -7.17195868212905e-02   3.35012380983125e-02
   1.05548838051734e-01  -7.01035589577865e-02   3.03885240070380e-02
   1.06094344778349e-01  -6.83972036226411e-02   2.72118392629499e-02
   1.06590277006983e-01  -6.66030586971221e-02   2.39780247900676e-02
   1.07036934749471e-01  -6.47237549687938e-02   2.06939738722605e-02
   1.07434647949101e-01  -6.27620273722927e-02   1.73666772880474e-02
   1.07783785235075e-01  -6.07206950107787e-02   1.40031827870391e-02
   1.08084756715300e-01  -5.86026567696836e-02   1.06105641951920e-02
   1.08337987771138e-01  -5.64109020436960e-02   7.19593509182538e-03
   1.08543959966255e-01  -5.41484881708304e-02   3.76642329505799e-03
   1.08703166822520e-01  -5.18185480552828e-02   3.29139320503860e-04
   1.08816147196474e-01  -4.94242742672507e-02  -3.10882030634152e-03
   1.08883462833502e-01  -4.69689179562750e-02  -6.54040257805435e-03
   1.08905706789377e-01  -4.44557723043990e-02  -9.95859746957519e-03
   1.08883499604166e-01  -4.18882023287975e-02  -1.33564786805083e-02
   1.08817494891350e-01  -3.92695835474780e-02  -1.67271712257223e-02
   1.08708364826375e-01  -3.66033512162180e-02  -2.00639271241666e-02
   1.08556801774911e-01  -3.38929531808216e-02  -2.33601015469332e-02
   1.08363537442959e-01  -3.11418683635818e-02  -2.66091637156678e-02
   1.08129321037319e-01  -2.83535898086870e-02  -2.98047308026342e-02
   1.07854908116455e-01  -2.55316308870838e-02  -3.29405644336333e-02
   1.07541104315922e-01  -2.26795084953947e-02  -3.60105832042603e-02
   1.07188711827127e-01  -1.98007317527125e-02  -3.90088899673803e-02
   1.06798554000875e-01  -1.68988137450792e-02  -4.19297776547018e-02
   1.06371474797789e-01  -1.39772655634172e-02  -4.47677098421873e-02
   1.05908336761625e-01  -1.10395689344866e-02  -4.75173860065736e-02
   1.05410024645649e-01  -8.08919041832945e-03  -5.01737097254458e-02
   1.04877418888116e-01  -5.12958092606563e-03  -5.27317930603457e-02
   1.04311426647144e-01  -2.16414847989400e-03  -5.51870046486272e-02
   1.03712959363513e-01   8.03719826731570e-04  -5.75349368980436e-02
   1.03082946057096e-01   3.77069392336704e-03  -5.97714414975673e-02
   1.02422316373088e-01   6.73346270425056e-03  -6.18926128396622e-02
   1.01732012572899e-01   9.68879024023828e-03  -6.38948238433224e-02
   1.01012992272697e-01   1.26334717280186e-02  -6.57746735742999e-02
   1.00266200856302e-01   1.55643677054277e-02  -6.75290636158258e-02
   9.94926105596279e-02   1.84783966154818e-02  -6.91551568003633e-02
   9.86931754849750e-02   2.13725480993341e-02  -7.06503931795691e-02
   9.78688651463077e-02   2.42438623162914e-02  -7.20124857086160e-02
   9.70206631037863e-02   2.70894740328779e-02  -7.32394245341278e-02
   9.61495250982632e-02   2.99065583512603e-02  -7.43294967281960e-02
   9.52564296466896e-02   3.26924103417934e-02  -7.52812306076440e-02
   9.43423428466726e-02   3.54443680687965e-02  -7.60934879699409e-02
   9.34082354876879e-02   3.81598736922144e-02  -7.67653608824692e-02
   9.24550685931648e-02   4.08364468656394e-02  -7.72962598809103e-02
   9.14838027947331e-02   4.34716818424851e-02  -7.76858316515773e-02
   9.04954018211600e-02   4.60632999389782e-02  -7.79340275915791e-02
   8.94908041663221e-02   4.86090711429904e-02  -7.80410446390073e-02
   8.84709634223500e-02   5.11068826501208e-02  -7.80073616297516e-02
   8.74368079267278e-02   5.35547034039416e-02  -7.78337108577531e-02
   8.63892712794702e-02   5.59506219949922e-02  -7.75210773620351e-02
   8.53292746193270e-02   5.82927914213433e-02  -7.70707088637882e-02
   8.42577214750873e-02   6.05794918357269e-02  -7.64840840099281e-02
   8.31755231061484e-02   6.28090775681958e-02  -7.57629250502183e-02
   8.20835540855380e-02   6.49800270159462e-02  -7.49091852028378e-02
   8.09826999494824e-02   6.70908884293218e-02  -7.39250409769091e-02
   7.98738234968642e-02   6.91403498991010e-02  -7.28128818623373e-02
   7.87577725768391e-02   7.11271612773958e-02  -7.15753254539514e-02
   7.76353894250856e-02   7.30501950081638e-02  -7.02151616013186e-02
   7.65074999810611e-02   7.49084136919707e-02  -6.87353780265182e-02
   7.53749101258529e-02   7.67008868902430e-02  -6.71391707168126e-02
   7.42384124626425e-02   7.84267762002691e-02  -6.54298679391340e-02
   7.30987940764565e-02   8.00853503233010e-02  -6.36109999249422e-02
   7.19568157834111e-02   8.16759651365635e-02  -6.16862285570547e-02
   7.08132160912973e-02   8.31980735865079e-02  -5.96593682371915e-02
   6.96687396129130e-02   8.46512351080639e-02  -5.75343603183251e-02
   6.85240861742436e-02   8.60350867917143e-02  -5.53152887196598e-02
   6.73799655778852e-02   8.73493739593519e-02  -5.30063414989757e-02
   6.62370449426381e-02   8.85939203959040e-02  -5.06118061486473e-02
   6.50959890052091e-02   8.97686497731266e-02  -4.81360644759798e-02
   6.39574456861354e-02   9.08735569359414e-02  -4.55835945270485e-02
   6.28220351597003e-02   9.19087410025234e-02  -4.29589428840398e-02
   6.16903635862139e-02   9.28743716039435e-02  -4.02667190023025e-02
   6.05630169386458e-02   9.37707093202453e-02  -3.75115777045711e-02
   5.94405687657232e-02   9.45980851090344e-02  -3.46982313606512e-02
   5.83235715810863e-02   9.53569125782796e-02  -3.18314204704086e-02
   5.72125509398964e-02   9.60476747061520e-02  -2.89159081482336e-02
   5.61080196062970e-02   9.66709378982537e-02  -2.59564658742912e-02
   5.50104727692518e-02   9.72273235704020e-02  -2.29578784624247e-02
   5.39203953623430e-02   9.77175347145450e-02  -1.99249315770384e-02
   5.28382251325851e-02   9.81423237297071e-02  -1.68623761735590e-02
   5.17644115938921e-02   9.85025216635403e-02  -1.37749633367794e-02
   5.06993771690116e-02   9.87990116357342e-02  -1.06673959636202e-02
   4.96435105034053e-02   9.90327311929327e-02  -7.54433640945106e-03
   4.85972019462229e-02   9.92046712319926e-02  -4.41041901949189e-03
   4.75608081009983e-02   9.93158785063742e-02  -1.27020006675463e-03
   4.65346839085509e-02   9.93674531246940e-02   1.87181568192921e-03
   4.55191451773217e-02   9.93605317641674e-02   5.01120047837283e-03
   4.45145064535777e-02   9.92962933897606e-02   8.14360752864742e-03
   4.35210592114404e-02   9.91759681271586e-02   1.12647693239965e-02
   4.25390774116865e-02   9.90008118208119e-02   1.43705051223958e-02
   4.15688201001135e-02   9.87721261536925e-02   1.74567419909235e-02
   4.06105208321103e-02   9.84912469180937e-02   2.05195011290317e-02
   3.96644096632083e-02   9.81595144243786e-02   2.35549268483403e-02
   3.87306915376513e-02   9.77783308399202e-02   2.65592451693584e-02
   3.78095530414032e-02   9.73490901348099e-02   2.95288408088198e-02
   3.69011786753782e-02   9.68732441083345e-02   3.24601876715324e-02
   3.60057119588199e-02   9.63522265946877e-02   3.53499074743277e-02
   3.51233137176921e-02   9.57875058469342e-02   3.81947423561201e-02
   3.42541017189521e-02   9.51805715911579e-02   4.09915610340415e-02
   3.33981907694440e-02   9.45329073301132e-02   4.37373785771019e-02
   3.25556885636099e-02   9.38460261065367e-02   4.64293500763181e-02
   3.17266764351725e-02   9.31214248547492e-02   4.90647622797952e-02
   3.09112245708366e-02   9.23606160917675e-02   5.16410492592633e-02
   3.01093935080649e-02   9.15651236751398e-02   5.41557902900195e-02
   2.93212358021459e-02   9.07364576006875e-02   5.66067066467423e-02
   2.85467829216253e-02   8.98761367699313e-02   5.89916586307918e-02
   2.77860544132245e-02   8.89856592891564e-02   6.13086749852007e-02
   2.70390632215553e-02   8.80665326465858e-02   6.35559108695005e-02
   2.63058034445704e-02   8.71202610603336e-02   6.57316695632976e-02
   2.55862734008751e-02   8.61483227063103e-02   6.78344087720629e-02
   2.48804374503182e-02   8.51521923745491e-02   6.98627302912232e-02
   2.41882683427230e-02   8.41333298331619e-02   7.18153718235470e-02
   2.35097241653900e-02   8.30931795160818e-02   7.36912270923466e-02
   2.28447527050374e-02   8.20331763864749e-02   7.54893191549057e-02
   2.21932971687584e-02   8.09547251719681e-02   7.72088178857587e-02
   2.15552782233835e-02   7.98592244017001e-02   7.88490313052623e-02
   2.09306202981049e-02   7.87480425493871e-02   8.04094038283293e-02
   2.03192438518118e-02   7.76225295576945e-02   8.18894996259337e-02
   1.97210480232010e-02   7.64840130107714e-02   8.32890342601973e-02
   1.91359300653932e-02   7.53337971336019e-02   8.46078455396845e-02
   1.85637859563206e-02   7.41731517738111e-02   8.58458804412329e-02
   1.80045022250265e-02   7.30033360096561e-02   8.70032334202399e-02
   1.74579488048608e-02   7.18255673105025e-02   8.80800873209976e-02
   1.69240058722447e-02   7.06410510170298e-02   8.90767639705076e-02
   1.64025421198171e-02   6.94509468900151e-02   8.99936838929368e-02
   1.58934144685585e-02   6.82563908383457e-02   9.08313898566369e-02
   1.53964862132905e-02   6.70585001315619e-02   9.15905053857946e-02
   1.49115995633276e-02   6.58583512975940e-02   9.22717679753368e-02
   1.44386158453749e-02   6.46569883877506e-02   9.28760176128224e-02
   1.39773735368392e-02   6.34554226296746e-02   9.34041659048735e-02
   1.35277144031604e-02   6.22546432497320e-02   9.38572267494931e-02
   1.30894742477890e-02   6.10556096552276e-02   9.42363072416406e-02
   1.26624915061424e-02   5.98592278105945e-02   9.45425598450925e-02
   1.22465936349113e-02   5.86663963510339e-02   9.47772477750480e-02
   1.18416086311517e-02   5.74779630673692e-02   9.49416777702330e-02
   1.14473649007415e-02   5.62947586491820e-02   9.50372449014275e-02
   1.10636898848966e-02   5.51175699415616e-02   9.50653875084772e-02
   1.06904080855083e-02   5.39471526415718e-02   9.50276157600848e-02
   1.03273374476910e-02   5.27842326497680e-02   9.49254858620269e-02
   9.97429402540445e-03   5.16295101991984e-02   9.47606061516829e-02
   9.63111471812379e-03   5.04836357718388e-02   9.45346235196427e-02
   9.29759906223636e-03   4.93472512478408e-02   9.42492374197946e-02
   8.97357176855338e-03   4.82209434943634e-02   9.39061671979095e-02
   8.65885471414195e-03   4.71052912009996e-02   9.35071910623305e-02
   8.35326198473640e-03   4.60008197509724e-02   9.30540915597969e-02
   8.05660894811749e-03   4.49080378926552e-02   9.25486831486670e-02
   7.76871269881759e-03   4.38274337436003e-02   9.19928152509790e-02
   7.48939404792067e-03   4.27594367130947e-02   9.13883235216010e-02
   7.21847438131938e-03   4.17044704250012e-02   9.07370939294289e-02
   6.95576945696578e-03   4.06629258306999e-02   9.00409919603237e-02
   6.70109990777133e-03   3.96351653932374e-02   8.93019095923068e-02
   6.45428593243919e-03   3.86215189181786e-02   8.85217417835233e-02
   6.21515303635064e-03   3.76222951862478e-02   8.77023665724843e-02
   5.98352027924009e-03   3.66377718352927e-02   8.68456812041505e-02
   5.75921266402379e-03   3.56682074550078e-02   8.59535489442441e-02
   5.54205981037418e-03   3.47138254178855e-02   8.50278584754249e-02
   5.33188555900439e-03   3.37748401429568e-02   8.40704597466260e-02
   5.12852959996427e-03   3.28514202028778e-02   8.30831976175455e-02
   4.93180622426664e-03   3.19437382154382e-02   8.20679055619139e-02
   4.74156195991114e-03   3.10519250138056e-02   8.10263919987781e-02
   4.55763212541510e-03   3.01760882174368e-02   7.99604427541944e-02
   4.37984794263740e-03   2.93163279080764e-02   7.88718157657926e-02
   4.20804991100831e-03   2.84727176883140e-02   7.77622567717369e-02
   4.04208348653411e-03   2.76453075802561e-02   7.66334703380645e-02
   3.88178834394021e-03   2.68341342444005e-02   7.54871414472099e-02
   3.72701401931869e-03   2.60392153189879e-02   7.43249142084653e-02
   3.57760876437702e-03   2.52605489962794e-02   7.31484106269186e-02
   3.43342282526490e-03   2.44981133741212e-02   7.19592013891143e-02
   3.29430977766781e-03   2.37518796118998e-02   7.07588464774467e-02
   3.16012784092996e-03   2.30218013212736e-02   6.95488479646119e-02
   3.03073061866060e-03   2.23078056214040e-02   6.83306740676316e-02
   2.90598496402609e-03   2.16098233065164e-02   6.71057636867755e-02
   2.78575116476722e-03   2.09277491676178e-02   6.58755026277459e-02
   2.66989534893025e-03   2.02614993006220e-02   6.46412527256432e-02
   2.55828595601931e-03   1.96109393798900e-02   6.34043119390494e-02
   2.45079543858459e-03   1.89759537758098e-02   6.21659643436371e-02
   2.34730141249676e-03   1.83563974957524e-02   6.09274208056385e-02
   2.24768182647119e-03   1.77521290468676e-02   5.96898723665979e-02
   2.15180417566181e-03   1.71629784857865e-02   5.84544598998091e-02
   2.05956269042946e-03   1.65887949412188e-02   5.72222801756907e-02
   1.97083822422901e-03   1.60293877505671e-02   5.59943939059089e-02
   1.88551273818253e-03   1.54845840122293e-02   5.47717945396212e-02
   1.80348152771077e-03   1.49541893572573e-02   5.35554705921817e-02
   1.72464301943333e-03   1.44380177685781e-02   5.23463362015548e-02
   1.64888461782954e-03   1.39358524250394e-02   5.11452711076297e-02
   1.57610355571966e-03   1.34474902038976e-02   4.99531210760194e-02
   1.50620152588129e-03   1.29727213198054e-02   4.87706783255512e-02
   1.43908117274347e-03   1.25113210059963e-02   4.75987059414864e-02
   1.37465017666573e-03   1.20630741993869e-02   4.64379100786809e-02
   1.31281226357432e-03   1.16277568284905e-02   4.52889643509178e-02
   1.25347711678578e-03   1.12051304207576e-02   4.41525073747448e-02
   1.19656428400825e-03   1.07949661108475e-02   4.30291245192026e-02
   1.14198286194591e-03   1.03970428772659e-02   4.19193805877989e-02
   1.08965029605146e-03   1.00111116478281e-02   4.08237775657097e-02
   1.03948478874534e-03   9.63694423587267e-03   3.97428063615307e-02
   9.91415707527362e-04   9.27428714819462e-03   3.86769063415665e-02
   9.45362154660371e-04   8.92292242541813e-03   3.76264771052285e-02
   9.01248477323863e-04   8.58258970068577e-03   3.65918915301293e-02
   8.58999622258346e-04   8.25306288624438e-03   3.55734959387080e-02
   8.18555337745869e-04   7.93409777795160e-03   3.45715886504085e-02
   7.79844244047302e-04   7.62544715619113e-03   3.35864403180208e-02
   7.42796631391801e-04   7.32689037003083e-03   3.26182858187325e-02
   7.07358363304190e-04   7.03817956269666e-03   3.16673422055279e-02
   6.73466406917381e-04   6.75907901859698e-03   3.07337860070094e-02
   6.41050601897021e-04   6.48934492394408e-03   2.98177681595919e-02
   6.10065668926683e-04   6.22875619296119e-03   2.89194236245338e-02
   5.80449854508282e-04   5.97707833895903e-03   2.80388324974837e-02
   5.52151697031974e-04   5.73408531783111e-03   2.71760828158494e-02
   5.25120863569491e-04   5.49953705174102e-03   2.63312108132420e-02
   4.99300179780637e-04   5.27322688520394e-03   2.55042415033932e-02
   4.74647744095405e-04   5.05491262417608e-03   2.46951874153366e-02
   4.51111096474017e-04   4.84439952707870e-03   2.39040139302638e-02
   4.28649953196867e-04   4.64145421504926e-03   2.31307022614824e-02
   4.07217824308481e-04   4.44586415734933e-03   2.23751644168823e-02
   3.86771605446533e-04   4.25741893904573e-03   2.16373438225792e-02
   3.67273746885970e-04   4.07591459015966e-03   2.09171281335445e-02
   3.48681205689181e-04   3.90115156550453e-03   2.02144149743889e-02
   3.30960157374543e-04   3.73292518048941e-03   1.95290770150113e-02
   3.14066173411546e-04   3.57103366739520e-03   1.88609606506110e-02
   2.97975244154579e-04   3.41529171199342e-03   1.82099202827279e-02
   2.82644214061176e-04   3.26550624598742e-03   1.75757687581231e-02
   2.68039563379391e-04   3.12149549249869e-03   1.69583284638899e-02
   2.54141786645577e-04   2.98307203710456e-03   1.63574111743540e-02
   2.40907869965472e-04   2.85005219743260e-03   1.57728113873861e-02
   2.28311072527826e-04   2.72226954040029e-03   1.52042985072943e-02
   2.16327154116810e-04   2.59955484244799e-03   1.46516612340194e-02
   2.04925065098463e-04   2.48173833882330e-03   1.41146637564199e-02
   1.94083549936059e-04   2.36864857417157e-03   1.35930583898772e-02
   1.83773730438032e-04   2.26013299635730e-03   1.30866050327518e-02
   1.73975246485579e-04   2.15603407025493e-03   1.25950509100302e-02
   1.64659264821848e-04   2.05620686034461e-03   1.21181283070236e-02
   1.55814103711695e-04   1.96048942581655e-03   1.16555765016234e-02
   1.47409303806810e-04   1.86874916731387e-03   1.12071307250999e-02
   1.39422823811417e-04   1.78083219448349e-03   1.07725043222951e-02
   1.31840931680447e-04   1.69661504403031e-03   1.03514310881729e-02
   1.24643173411244e-04   1.61595459314446e-03   9.94363139499166e-03
   1.17814603578638e-04   1.53873119118276e-03   9.54881665887211e-03
   1.11332426334125e-04   1.46480848872618e-03   9.16671757289067e-03
   1.05179702302266e-04   1.39406309961440e-03   8.79703723609201e-03
   9.93543778002544e-05   1.32638139966402e-03   8.43950113049383e-03
   9.38214131131043e-05   1.26164629802691e-03   8.09380358230045e-03
   8.85792600381537e-05   1.19974247021675e-03   7.75968234134149e-03
   8.36091636264970e-05   1.14056286501488e-03   7.43684201022787e-03
   7.89026817826815e-05   1.08399925073533e-03   7.12499481620414e-03
   7.44378013032424e-05   1.02995097731787e-03   6.82386521839571e-03
   7.02126663128260e-05   9.78322168789376e-04   6.53316150366398e-03
   6.62079216027025e-05   9.29004772818861e-04   6.25261871174462e-03
   6.24178177061935e-05   8.81919410861745e-04   5.98194578643913e-03
   5.88314990232523e-05   8.36962474658811e-04   5.72086586430242e-03
   5.54344159954157e-05   7.94059747887683e-04   5.46910968183466e-03
   5.22202067993120e-05   7.53113715997771e-04   5.22640281511666e-03
   4.91807999561005e-05   7.14051002260923e-04   4.99248668768191e-03
   4.62994242780881e-05   6.76788315173927e-04   4.76708413498166e-03
   4.35802051719188e-05   6.41247678398673e-04   4.54993963892902e-03
   4.10042825683259e-05   6.07365309849111e-04   4.34079461786639e-03
   3.85752518295873e-05   5.75054211793513e-04   4.13938345772286e-03
   3.62722162243053e-05   5.44256005402264e-04   3.94547180028960e-03
   3.40972050765359e-05   5.14901432600457e-04   3.75879582648732e-03
   3.20420045321597e-05   4.86926039227432e-04   3.57911939222067e-03
   3.00997093134742e-05   4.60265213335354e-04   3.40620229213721e-03
   2.82616156351740e-05   4.34864542957617e-04   3.23980551425407e-03
   2.65249279114750e-05   4.10660304941198e-04   3.07969473810859e-03
   2.48879308889899e-05   3.87602308012004e-04   2.92564155452527e-03
   2.33385602011042e-05   3.65629228082494e-04   2.77741742152243e-03
   2.18705569254807e-05   3.44693557669975e-04   2.63480523599374e-03
   2.04923888967579e-05   3.24744317708015e-04   2.49758467851599e-03
   1.91792395146742e-05   3.05736417667921e-04   2.36555276394738e-03
   1.79454090730844e-05   2.87622627233624e-04   2.23848216648561e-03
   1.67758149931040e-05   2.70349199094553e-04   2.11616840452079e-03
   1.56698029059309e-05   2.53883596846788e-04   1.99842344932574e-03
   1.46260783042775e-05   2.38175249632684e-04   1.88502888216125e-03
   1.36377103800572e-05   2.23187494329542e-04   1.77580750253493e-03
   1.27025517909948e-05   2.08885344791977e-04   1.67055382838482e-03
   1.18118602363385e-05   1.95221668499595e-04   1.56907620487068e-03
   1.09731697421987e-05   1.82170693116583e-04   1.47119893166425e-03
   1.01743059004081e-05   1.69684278093394e-04   1.37672998212959e-03
   9.41728539842404e-06   1.57736850429036e-04   1.28549531748641e-03
   8.69727400298424e-06   1.46294347867935e-04   1.19730159701207e-03
   8.01068257696845e-06   1.35320954324463e-04   1.11199100220356e-03
   7.36386002983973e-06   1.24788794746572e-04   1.02938269476753e-03
   6.73944795241445e-06   1.14663681476777e-04   9.49300624187444e-04
   6.14625476599045e-06   1.04916837795781e-04   8.71583229708768e-04
   5.58077324143701e-06   9.55166715230239e-05   7.96046808494091e-04
   5.03269302440041e-06   8.64362071447184e-05   7.22537094140276e-04
   4.51300336620850e-06   7.76556178272058e-05   6.50888274820119e-04
   4.00578209228092e-06   6.91368629546102e-05   5.80926813408381e-04
   3.51764229204292e-06   6.08570837356389e-05   5.12495015673755e-04
   3.04493964040903e-06   5.27865831726140e-05   4.45422558062972e-04
   2.58769776271599e-06   4.48982403919960e-05   3.79540971103134e-04
   2.13831519828412e-06   3.71728418929728e-05   3.14695564374449e-04
   1.69805616864237e-06   2.95800315520694e-05   2.50708862265480e-04
   1.26882683371684e-06   2.20895711782933e-05   1.87418130674388e-04
   8.39231108464495e-07   1.46811181404382e-05   1.24648900857851e-04
   4.17845190293153e-07   7.32753742245522e-06   6.22355522915754e-05
